numx = 30,  numy = 30, N = 900 
n_tot = 40000, n_interval = 40, dt = 0.010000, n_j = 800 
tmax = n_tot*dt = 400.000000, t_interval = n_interval*dt = 0.400000 
spacing = 1.000000 
w0 = 1.000000, v0 = 0.010000, l0 = 0.010000 
number of simulations = 100 
